5000x5000
846,2174
111,2752
3134,34
788,4266
2610,4206
3652,1575
4035,446
4834,4635
1641,1653
1464,2935
1189,4888
4428,2906
1108,2807
195,1354
3758,4901
3128,4604
2075,4591
3708,1561
4625,849
827,3587
55,832
163,443
1278,1349
78,4271
4354,2895
2206,1895
2783,2986
4801,243
793,1349
1598,4551
1250,1078
508,4678
669,4216
2591,1647
65,4771
234,1473
603,1749
1916,3233
4451,3346
2504,3805
2593,1062
701,1728
4049,1854
1972,1194
4555,3570
2098,2158
1000,2606
3188,1669
3174,779
3316,4592
550,4903
1065,2505
1652,4333
738,1103
4031,4594
1261,1625
657,3314
3353,1058
1520,325
2252,1076
247,4350
3234,1247
3308,1422
4269,2835
2201,2585
2427,4104
3840,4844
1609,493
529,3700
2948,4560
3294,561
1185,303
3875,891
1361,396
1216,4966
1472,2816
668,4706
415,329
2480,4684
3164,4681
3622,1943
137,2462
1787,1747
4307,3668
447,2256
3228,3741
4169,766
397,3045
1657,3110
3441,4225
3076,1265
3393,97
971,3809
426,4803
4845,4942
4484,3467
1885,4622
2282,24
2721,1589
3692,3168
197,3272
3261,4367
4038,10
2412,2047
3121,2205
2625,1197
3470,1018
2646,793
1179,3072
596,1025
4366,1432
844,1251
2406,3126
1275,127
1068,4967
4647,2617
4592,4261
1984,3630
4271,748
2030,2392
2953,4655
4942,2775
2025,2588
3568,4557
2013,516
1934,2731
1949,2778
3983,707
2257,1610
835,4677
1578,1834
2294,1170
1095,4279
1152,1719
1379,4534
463,685
541,405
3460,2567
4346,3381
3476,2711
249,410
442,2198
4540,777
4258,1797
2388,93
2826,318
1927,121
2840,4375
752,3992
1094,2131
4879,2909
2816,420
3315,2629
4339,4013
1010,2815
3076,2611
3225,3518
1162,2766
4296,420
915,3036
513,3742
3354,3792
3863,1194
4519,967
1538,1965
4450,1417
4875,3619
1838,4542
1248,1177
3555,3610
3993,1631
1221,3570
1501,2383
1336,2149
2803,2252
185,4668
994,3539
4813,1209
1085,4332
3528,2624
1298,2978
4041,2525
1597,2231
2067,4197
3409,622
2807,3754
3605,381
2324,1458
4116,3661
3608,1920
2265,145
2940,4611
37,2753
2172,1122
3438,700
3746,1088
30,4140
3613,2980
1371,680
2177,4780
2654,1337
4886,1259
3070,2211
4069,2186
2224,2677
458,4489
2823,3399
452,2860
2504,2624
334,942
3324,4081
2030,4706
3221,1995
2686,944
2675,1216
725,1681
2553,611
4292,623
4174,3362
2809,1398
1039,4620
2239,214
3019,2691
4426,1875
1667,4761
2818,1343
194,1200
1050,4767
3196,3736
711,2223
1304,2788
3905,3857
4752,3197
832,278
1559,4994
3029,3951
4614,268
517,3985
4312,1296
860,979
1057,30
2323,2603
1231,3373
3722,779
3461,785
3002,4766
3574,1907
4975,4678
1457,2160
4956,4368
2154,2985
3319,3120
4606,189
2105,270
1485,2965
1249,3894
2996,4924
1497,579
3297,1571
1358,3111
2356,4360
4229,2282
2620,556
3312,4077
2716,3269
3445,1222
2606,3117
4342,3564
3306,1447
3834,4791
765,84
3685,113
8,1534
692,4658
4457,2050
4121,1813
2762,4702
448,1734
1610,3760
811,4327
3381,609
1901,2340
78,1244
904,4736
4043,1091
879,1160
2527,4564
1273,3887
2450,3317
4897,1907
1719,4018
72,4482
72,520
1216,1683
633,3380
2362,366
341,4263
4058,1771
1859,4963
1507,903
2406,2386
2063,4933
3302,4689
3820,752
4358,3718
4011,1078
4088,4083
1912,4161
956,4480
844,2941
4212,4558
4659,4553
3821,3718
1324,681
33,2831
2936,2439
1569,1351
2372,4871
1040,2544
1975,399
1262,986
2829,351
1422,4741
864,3730
4221,1708
3023,3434
1266,2682
4339,1439
1400,2016
2120,1433
1199,1408
224,2769
2760,3948
2640,152
1493,4616
551,2755
1954,3380
4458,3376
4473,322
3458,3695
3382,1481
3481,1000
4164,2820
2440,1916
4836,912
4702,1036
2321,4926
157,81
3875,2797
233,368
3765,2137
4475,720
1869,3934
448,1343
4256,3907
1390,2639
1740,1223
3639,904
4043,1079
2821,232
3344,2523
2620,665
3801,2777
2098,2676
1926,3683
3044,692
2172,3872
2764,4042
2806,3212
1737,2062
3471,4479
4701,212
702,4693
2468,1097
772,1641
2681,468
4164,301
1133,2966
4430,4583
1994,1357
4619,1391
3401,1791
263,1165
833,3069
729,3922
1483,553
3401,1185
2117,455
878,4585
1553,3002
1227,4234
3471,1743
888,956
1061,318
1892,3056
1675,1511
799,76
3302,1062
2593,488
483,3323
4410,1966
3876,4164
4503,993
4619,1733
1930,2524
4736,3157
1759,4559
1253,2647
1867,2314
4317,3759
1722,993
270,2521
2421,3573
3583,15
413,4066
4690,1175
2385,3566
339,1888
911,1311
3622,4193
3835,4710
2351,1946
4269,3604
945,2488
2270,263
1248,3993
2608,2870
1514,29
2795,1450
1396,3208
1868,1086
4384,4253
1004,1075
2494,3267
3738,1116
2461,3926
826,4812
872,1447
4768,3170
287,3390
4785,1535
2383,2393
758,250
3774,3553
1700,171
1762,4920
2609,2498
526,3614
3573,3020
1881,3664
488,4342
2590,2666
506,4814
465,1626
2984,752
17,4121
2288,2400
2866,3046
4002,1641
2951,702
3164,1065
1975,773
3563,2501
739,3489
1873,2621
2153,2361
3315,4743
27,3822
909,492
1800,3894
1244,1817
4367,4884
570,2234
4282,4572
227,2234
275,4743
3299,3602
1868,1863
1103,2608
1704,2976
1581,3857
337,1248
4952,1716
1422,861
2208,3223
1107,3452
40,1827
4689,610
4061,3971
183,4288
1205,1810
383,857
412,2251
2720,2867
4859,776
2195,2792
985,2532
4041,937
600,463
3150,2808
3686,610
2612,79
2437,2301
689,1498
2625,2224
2138,3830
4034,3873
1039,798
1124,111
3665,2336
887,860
128,1872
4744,521
4161,344
2337,2312
4504,1023
4274,2117
2454,1711
770,3144
4561,3395
1720,3051
3578,755
1924,4617
2905,3048
4729,1571
1736,1968
3783,3217
3841,3528
3738,4354
224,1075
3018,4729
3451,2292
3198,905
355,320
401,4916
3716,2122
2967,3646
4229,1243
4615,2134
644,696
57,2380
2665,3841
597,2858
3721,4336
2212,297
1763,231
26,1566
3875,4576
2472,4231
4897,2873
4147,4965
1347,3467
4963,576
4710,4578
4063,1706
1627,4120
4087,644
2961,4684
3502,3034
372,2066
3332,3488
3649,4710
54,2525
4287,2526
3108,536
1752,3607
501,3099
2074,1816
28,3137
2746,4091
1195,4373
3211,282
17,2525
4967,4871
1911,1691
3290,243
179,3291
4954,234
2168,593
4112,276
1129,2216
3884,2982
316,2310
4798,1696
1799,2544
2139,2995
3270,1702
3277,3287
579,4596
4511,2491
2640,4153
2734,4171
2444,4040
4405,4613
4633,4870
1241,2114
2086,125
96,3754
3788,1246
450,1939
3791,3941
4934,2061
644,4564
1700,1223
512,2563
3714,4504
1716,2801
3676,513
3193,4433
1478,4179
4303,2719
1293,2742
4197,2742
1496,4337
3988,3299
1276,4131
2240,2563
1192,4236
3479,4245
460,343
1808,526
4848,4877
4679,4876
390,2873
4309,1868
2052,4965
939,4697
2707,136
3791,555
825,2780
3854,2102
1911,2447
4665,4456
1683,4496
3701,2143
4839,1861
4022,1039
1738,3701
915,3480
2926,1577
1700,1330
2894,2640
1028,1953
4128,1171
2508,4954
3951,2715
3408,2215
162,3073
3023,1845
3921,1724
341,3760
4937,4363
1152,1676
4416,3419
156,2343
1348,1857
25,4242
849,2405
1195,4977
3577,56
1283,3880
2771,4691
1095,2933
4116,470
1130,3037
3546,1471
3150,3484
834,654
160,1603
4073,1668
298,422
4877,323
1016,726
2729,3564
2056,1306
3620,4691
186,2743
4383,2634
2028,4851
3104,3158
2889,1651
4630,2391
1487,1816
3045,1647
3419,3470
4667,3717
3892,4545
4041,4909
1623,1770
4825,31
4428,3445
4723,4614
2540,458
2248,4568
309,1705
2726,4550
4708,2356
3293,1195
525,2690
4194,296
1161,213
4014,53
1110,4407
1314,2734
2529,2491
4117,1957
2288,192
2923,4828
650,1524
4396,2312
4581,3475
3214,4289
2183,1508
1836,2708
4198,1030
3005,359
1243,3371
1765,2354
4130,4431
1440,1659
1923,557
4968,4211
750,2891
4040,2752
767,4788
64,348
3263,4631
4637,447
1139,1473
3155,1689
3855,2512
2049,99
2235,166
3805,1365
4597,1597
3024,2872
2154,4344
2084,4256
3588,2476
2009,4355
2264,3425
4704,528
3056,693
2327,547
2167,1834
2237,2374
4347,638
2473,1582
2156,2630
2948,3105
4227,2324
978,2734
3021,3062
1990,1609
1890,351
964,4154
129,668
1034,4537
2714,3361
1437,4881
196,26
2255,895
2016,1081
3829,4172
63,1777
2277,4291
454,4607
3377,3475
4021,367
84,911
2071,2400
66,3552
4421,1100
3089,2135
814,4526
3368,1010
4552,623
3257,1568
3056,2086
2092,4472
216,722
3763,670
329,2140
497,4351
3859,1933
262,2282
4333,328
834,3754
2781,3924
889,4947
4802,4257
957,707
1233,4214
3627,641
1300,720
113,1516
1442,228
3538,1771
3720,387
2474,2580
2320,2737
1214,1654
4417,2049
1760,3550
2325,4002
3497,2127
4611,806
4186,844
20,2814
2838,2673
3534,2951
541,1328
3180,4080
4451,3252
4467,1926
2184,3140
1015,3399
1146,432
448,2906
3983,2773
1908,3832
1252,2872
4639,439
3716,4659
4605,2906
3684,4491
858,4226
819,390
4658,1622
3642,477
3548,827
4969,4563
4226,1115
1348,1026
374,1683
151,2282
515,2755
1506,154
4546,223
1166,4151
3129,1202
3642,339
1780,813
2081,2790
3788,2076
3268,3688
2903,4589
4604,3481
705,952
859,1079
2635,1010
4713,4502
117,1220
1009,4664
2795,2175
3815,2276
4729,3810
2616,1510
975,1049
4300,4763
3125,3920
3452,2380
3510,3056
861,567
360,3072
1646,4347
4082,2711
3849,552
3931,1210
216,3078
4737,383
355,4467
545,4323
977,1521
372,1629
2636,3498
1902,2440
878,412
1848,3092
979,2208
1164,3977
2907,1599
1688,3109
2151,1972
4319,3719
50,4057
4102,405
3524,1000
1080,853
3873,1453
3834,1509
1303,736
302,3533
2500,2150
2977,4831
4359,4142
3808,2266
2093,1849
375,596
173,1047
4315,223
104,4769
1981,4980
769,3061
2185,4642
866,1019
2504,3521
3108,2806
2055,608
4956,32
440,667
526,600
4286,2619
3801,1013
4567,3974
2060,3882
4198,3516
4,2531
4848,2125
1944,2033
1768,2811
4405,624
1332,2513
3430,4739
3121,4738
1124,4913
406,1650
514,1044
622,4315
2057,189
3290,470
424,3840
3986,428
2723,3835
3905,4667
2220,673
2478,1625
2649,163
490,1079
4902,4964
818,2378
4877,2576
4029,1743
3620,4651
2411,2029
1192,701
2499,2968
893,2838
4748,3616
3025,3654
3283,245
4327,2114
3223,3329
3629,3713
4408,4883
3677,1578
2262,4907
4154,1291
1650,4126
2294,4061
2508,4838
1114,7
2807,3359
4197,2555
3327,3574
1209,1611
172,1889
77,3395
218,3706
3460,4626
3589,3490
2557,851
3397,3063
3494,1399
2190,2140
1813,4698
1979,4279
1057,4786
2639,1607
2341,966
181,4903
3929,353
1792,4006
100,3362
4064,4913
4340,4006
3403,1897
1209,3152
4961,1056
903,3503
3196,2716
4553,175
1996,1962
1313,987
3569,7
1953,103
4910,2235
456,3054
2593,1909
1416,3010
