500x500
205,90
383,246
348,387
350,412
284,159
280,30
395,477
199,437
415,286
413,167
393,204
3,439
100,0
167,370
288,356
267,493
447,2
91,147
390,441
411,26
101,43
56,348
21,107
137,436
246,51
455,139
255,459
430,207
311,98
78,99
454,197
444,253
51,387
253,441
181,164
319,282
208,228
482,229
187,120
165,433
23,121
424,130
432,355
338,243
453,416
194,259
113,138
13,16
25,118
310,206
282,129
340,490
209,175
71,249
147,237
34,170
210,311
300,494
166,138
237,471
406,283
82,371
421,447
388,298
65,198
357,348
179,49
190,389
76,262
490,223
351,24
393,413
335,46
407,353
184,496
176,91
131,259
314,404
206,202
54,124
400,411
472,432
313,14
173,389
128,163
113,331
187,358
96,23
404,355
228,441
203,405
384,334
164,198
238,222
253,293
346,5
56,170
437,369
37,110
111,17
